2770
3096
3315
578
3102
5423
2278
1551
7181
6746
9802
1185
2750
8323
8188
178
1844
8287
7008
924
8781
8146
3168
7551
3442
960
8909
6536
4980
644
3433
9395
6543
598
424
7268
870
9043
8306
6222
5728
2382
6365
8439
360
3986
4999
1894
1196
3050
7773
8431
3694
4665
7472
7331
3072
2113
4755
5316
1851
6280
5478
7719
6308
5206
2777
3093
152
7786
5776
2972
9562
1981
9555
9026
4787
5658
6723
2346
6114
4207
6034
1274
2543
7742
9918
5925
6554
9597
276
4637
2226
838
145
8541
1908
3719
3368
6029
8574
4186
1149
9062
1161
237
2143
1498
1399
6183
7762
9786
1399
3383
5180
9990
5490
4552
8567
481
531
9984
4226
4380
10014
1390
8596
6945
2523
4086
2033
231
4439
8004
9606
4630
3133
6312
6835
1724
6441
1915
5801
8745
350
2671
8944
9273
699
4670
5453
5126
5413
3456
9637
1449
9194
7823
7659
1405
8371
3308
2687
5048
6735
4737
4195
5166
9215
7880
3210
2390
3713
9109
8615
3030
8448
8993
3952
1313
5128
8397
5949
6328
9394
672
3567
327
6985
4689
1129
1539
3162
7497
1664
2551
2979
10026
2838
7214
