3847408
22169408
1072309
1000023
787394
1240508
827240
939725
727449
759185
595923
611791
568066
629070
574767
1068431
479912
692188
484849
491549
509180
518347
493664
527869
484144
711935
499306
494017
577588
530336
488375
489433
543030
514116
522227
549026
510237
544793
486259
568067
612849
548320
558546
655163
522931
514469
544089
496132
484849
555725
533510
577235
544088
473918
472155
517995
546557
544442
558898
537036
913985
665389
548320
885070
751428
680552
539504
1163990
541973
514116
501069
540210
656926
620607
683372
655868
612849
557488
511648
513058
509179
510942
476034
521521
526458
595571
647758
590986
516232
510942
635064
512353
515174
4118218
729213
486612
476386
476738
519758
480617
